[[  0   0   0   0   0   0   0   0   0   0   0   0   0   0   0   0   0   0
    0   0   0   0   0   0   0   0   0   0]
 [  0   0   0   0   0   0   0   0   0   0   0   0   0   0   0   0   0   0
    0   0   0   0   0   0   0   0   0   0]
 [  0   0   0   0   0   0   0   0   0   0   0   0   0   0   0   0   0   0
    0   0   0   0   0   0   0   0   0   0]
 [  0   0   0   0   0   0   0   0   0   0   0   0   0   0   0   0   0   0
    0   0   0   0   0   0   0   0   0   0]
 [  0   0   0   0   0   0   0   0   0   0   0   0   0   0   0   0   0   0
    0   0   0   0   0   0   0   0   0   0]
 [  0   0   0   0   0   0   0   0   0   0   2  65 123 114 113 115 113  14
    0   0   0   0   0   0   0   0   0   0]
 [  0   0   0   0   0   0   0   0   0  68 200 243 202 149 146 148 220 213
   33   0   0   0   0   0   0   0   0   0]
 [  0   0   0   0   0   0   0  56 185 240 140  42   0   0   0   0  25 220
  187   4   0   0   0   0   0   0   0   0]
 [  0   0   0   0   0  36 157 246 181  54   0   0   0   0   0   0   0  66
  253  75   0   0   0   0   0   0   0   0]
 [  0   0   0   0  72 237 194  70   0   0   0   0   0   0   0   0   0   7
  217 144   0   0   0   0   0   0   0   0]
 [  0   0   0   0 141 176   4   0   0   0   0   0   0   0   0   0   0   8
  216 136   0   0   0   0   0   0   0   0]
 [  0   0   0   0   6   4   0   0   0   0   0   0   0   0   0   0   0 108
  249  47   0   0   0   0   0   0   0   0]
 [  0   0   0   0   0   0   0   0   0   0   0   0   0   0   0   0  79 247
  147   0   0   0   0   0   0   0   0   0]
 [  0   0   0   0   0   0   0   0   0   0   0   0   0   0   0  28 229 194
   19   0   0   0   0   0   0   0   0   0]
 [  0   0   0   0   0   0   0   0   0   0   0   0   0   0  12 195 211  20
    0   0   0   0   0   0   0   0   0   0]
 [  0   0   0   0   0   0   0   0   0   0   0   0   0   2 173 211  31   0
    0   0   0   0   0   0   0   0   0   0]
 [  0   0   0   0   0   0   0   0   0   0   0   0   0 137 238  35   0   0
    0   0   0   0   0   0   0   0   0   0]
 [  0   0   0   0   0   0   0   0   0   0   0   0 112 250  69   0   0   0
    0   0   0   0   0   0   0   0   0   0]
 [  0   0   0   0   0   0   0   0   0   0   6 106 249 127   0   0   0   0
    0   0   0   0   0   0   0   0   0   0]
 [  0   0   0   0   0   0   0   0  11  97 198 225 114   0   0   0   0   0
    0   0  12  17  15  15  15   5   0   0]
 [  0   0   0   0   0   0  12  93 217 255 208 164 122 129 130 136 158 152
  154 189 218 206 204 204 204  66   0   0]
 [  0   0   0   0  65 196 227 255 240 199 166 131 129 130 130 134 120 106
  114  91  53  25  25  25  25   8   0   0]
 [  0   0   0   0  37 117  98  52  24   0   0   0   0   0   0   0   0   0
    0   0   0   0   0   0   0   0   0   0]
 [  0   0   0   0   0   0   0   0   0   0   0   0   0   0   0   0   0   0
    0   0   0   0   0   0   0   0   0   0]
 [  0   0   0   0   0   0   0   0   0   0   0   0   0   0   0   0   0   0
    0   0   0   0   0   0   0   0   0   0]
 [  0   0   0   0   0   0   0   0   0   0   0   0   0   0   0   0   0   0
    0   0   0   0   0   0   0   0   0   0]
 [  0   0   0   0   0   0   0   0   0   0   0   0   0   0   0   0   0   0
    0   0   0   0   0   0   0   0   0   0]
 [  0   0   0   0   0   0   0   0   0   0   0   0   0   0   0   0   0   0
    0   0   0   0   0   0   0   0   0   0]]
[[  0   0   0   0   0   0   0   0   0   0   0   0   0   0   0   0   0   0
    0   0   0   0   0   0   0   0   0   0]
 [  0   0   0   0   0   0   0   0   0   0   0   0   0   0   0   0   0   0
    0   0   0   0   0   0   0   0   0   0]
 [  0   0   0   0   0   0   0   0   0   0   0   0   0   0   0   0   0   0
    0   0   0   0   0   0   0   0   0   0]
 [  0   0   0   0   0   0   0   0   0   0   0   0   0   0   0   0   0   0
    0   0   0   0   0   0   0   0   0   0]
 [  0   0   0   0   0   0   0   0   0  21  90 147 147 160  72   0   0   0
    0   0   0   0   0   0   0   0   0   0]
 [  0   0   0   0   0   0   0   0  56 222 237 180 128 166 240 122   0   0
    0   0   0   0   0   0   0   0   0   0]
 [  0   0   0   0   0   0   0   0 198 202  32   0   0   0 130 255  48   0
    0   0   0   0   0   0   0   0   0   0]
 [  0   0   0   0   0   0   0   0  56  32   0   0   0   0  29 239  73   0
    0   0   0   0   0   0   0   0   0   0]
 [  0   0   0   0   0   0   0   0   0   0   0   0   0   0  25 241  74   0
    0   0   0   0   0   0   0   0   0   0]
 [  0   0   0   0   0   0   0   0   0   0   0   0   0   0 148 250  45   0
    0   0   0   0   0   0   0   0   0   0]
 [  0   0   0   0   0   0   0   0   0   2  11  32  41 124 242 100   0   0
    0   0   0   0   0   0   0   0   0   0]
 [  0   0   0   0   0   0   0   0  34 207 230 252 255 255 215  25   0   0
    0   0   0   0   0   0   0   0   0   0]
 [  0   0   0   0   0   0   0   0  33 180 194 158  89  87 205 234 117   0
    0   0   0   0   0   0   0   0   0   0]
 [  0   0   0   0   0   0   0   0   0   0   0   0   0   0  10 134 253  75
    0   0   0   0   0   0   0   0   0   0]
 [  0   0   0   0   0   0   0   0   0   0   0   0   0   0   0   2 202 187
    1   0   0   0   0   0   0   0   0   0]
 [  0   0   0   0   0   0   0   0   0   0   0   0   0   0   0   0 115 221
    6   0   0   0   0   0   0   0   0   0]
 [  0   0   0   0   0   0   0   0   0   0   0   0   0   0   0   0  82 223
    5   0   0   0   0   0   0   0   0   0]
 [  0   0   0   0   0   0   0   0   0   0   0   0   0   0   0  23 196 202
    9   0   0   0   0   0   0   0   0   0]
 [  0   0   0   0   0   0   0  33 148 177  14   0   0   0  70 221 226  38
    0   0   0   0   0   0   0   0   0   0]
 [  0   0   0   0   0   0   0  91 255 186  35  15  47 156 248 172  22   0
    0   0   0   0   0   0   0   0   0   0]
 [  0   0   0   0   0   0   0   3  94 222 223 204 233 209  79   1   0   0
    0   0   0   0   0   0   0   0   0   0]
 [  0   0   0   0   0   0   0   0   0  14  29  25  32   7   0   0   0   0
    0   0   0   0   0   0   0   0   0   0]
 [  0   0   0   0   0   0   0   0   0   0   0   0   0   0   0   0   0   0
    0   0   0   0   0   0   0   0   0   0]
 [  0   0   0   0   0   0   0   0   0   0   0   0   0   0   0   0   0   0
    0   0   0   0   0   0   0   0   0   0]
 [  0   0   0   0   0   0   0   0   0   0   0   0   0   0   0   0   0   0
    0   0   0   0   0   0   0   0   0   0]
 [  0   0   0   0   0   0   0   0   0   0   0   0   0   0   0   0   0   0
    0   0   0   0   0   0   0   0   0   0]
 [  0   0   0   0   0   0   0   0   0   0   0   0   0   0   0   0   0   0
    0   0   0   0   0   0   0   0   0   0]
 [  0   0   0   0   0   0   0   0   0   0   0   0   0   0   0   0   0   0
    0   0   0   0   0   0   0   0   0   0]]
[[  0   0   0   0   0   0   0   0   0   0   0   0   0   0   0   0   0   0
    0   0   0   0   0   0   0   0   0   0]
 [  0   0   0   0   0   0   0   0   0   0   0   0   0   0   0   0   0   0
    0   0   0   0   0   0   0   0   0   0]
 [  0   0   0   0   0   0   0   0   0   0   0   0   0   0   0   0   0   0
    0   0   0   0   0   0   0   0   0   0]
 [  0   0   0   0   0   4  76  59  23  23  23  37  40  39  39  52  86  80
   53   0   0   0   0   0   0   0   0   0]
 [  0   0   0   0   0 137 245 208 204 204 206 208 200 200 202 208 182 175
  116   0   0   0   0   0   0   0   0   0]
 [  0   0   0   0  10 211 155  10  17  17  18  11   5   5   7   6   0   0
    0   0   0   0   0   0   0   0   0   0]
 [  0   0   0   0  59 255  61   0   0   0   0   0   0   0   0   0   0   0
    0   0   0   0   0   0   0   0   0   0]
 [  0   0   0   0 124 239  14   0   0   0   0   0   0   0   0   0   0   0
    0   0   0   0   0   0   0   0   0   0]
 [  0   0   0   1 193 177   1   0   0   0   0   0   0   0   0   0   0   0
    0   0   0   0   0   0   0   0   0   0]
 [  0   0   0  42 249 122   0   0   0   0   0   0   9  13  13  13  13  13
   16   0   0   0   0   0   0   0   0   0]
 [  0   0   0  95 253  42   0   7  49  79 108 176 221 208 203 203 203 203
  217 200  60   0   0   0   0   0   0   0]
 [  0   0   0 116 255 149 163 211 240 222 180 117  71  34  27  27  27  27
   50 181 245  67   0   0   0   0   0   0]
 [  0   0   0  39 106 121 111  60  37  10   0   0   0   0   0   0   0   0
    0   8 213 180   0   0   0   0   0   0]
 [  0   0   0   0   0   0   0   0   0   0   0   0   0   0   0   0   0   0
    0   0  99 241  54   0   0   0   0   0]
 [  0   0   0   0   0   0   0   0   0   0   0   0   0   0   0   0   0   0
    0   0  12 234 133   0   0   0   0   0]
 [  0   0   0   0   0   0   0   0   0   0   0   0   0   0   0   0   0   0
    0   0   0 164 222   7   0   0   0   0]
 [  0   0   0   0   0   0   0   0   0   0   0   0   0   0   0   0   0   0
    0   0   0  91 225   8   0   0   0   0]
 [  0   0   0   0   0   0   0   0   0   0   0   0   0   0   0   0   0   0
    0   0   0  79 223   6   0   0   0   0]
 [  0   0   0   0   0   0   0   0   0   0   0   0   0   0   0   0   0   0
    0   0  14 195 211  11   0   0   0   0]
 [  0   0   0   0   0   0   0   0   0   0   0   0   0   0   0   0   0   0
    0   4 155 251  56   0   0   0   0   0]
 [  0   0  62 160  21   0   0   0   0   0   0   0   0   0   0   0   0   0
    0 119 255  90   0   0   0   0   0   0]
 [  0   0  54 255 155   0   0   0   0   0   0   0   0   0   0   0   0   0
   75 251 127   0   0   0   0   0   0   0]
 [  0   0   0 134 255  52   0   0   0   0   0   0   0   0   0   0   0  40
  237 174   2   0   0   0   0   0   0   0]
 [  0   0   0  19 221 215  45   0   0   0   0   0   0   0   0  14 112 231
  202  21   0   0   0   0   0   0   0   0]
 [  0   0   0   0  45 204 249 158  66  58  58  58  66 108 120 225 239 128
   15   0   0   0   0   0   0   0   0   0]
 [  0   0   0   0   0  13 106 197 197 190 190 190 197 180 165 124  30   0
    0   0   0   0   0   0   0   0   0   0]
 [  0   0   0   0   0   0   0   0   0   0   0   0   0   0   0   0   0   0
    0   0   0   0   0   0   0   0   0   0]
 [  0   0   0   0   0   0   0   0   0   0   0   0   0   0   0   0   0   0
    0   0   0   0   0   0   0   0   0   0]]
[[  0   0   0   0   0   0   0   0   0   0   0   0   0   0   0   0   0   0
    0   0   0   0   0   0   0   0   0   0]
 [  0   0   0   0   0   0   0   0   0   0   0   0   0   0   0   0   0   0
    0   0   0   0   0   0   0   0   0   0]
 [  0   0   0   0   0   0   0   0   0   0   0   0   0   0   0   0   0   0
    0   0   0   0   0   0   0   0   0   0]
 [  0   0   0   0   0   0   0   0   0   0   0   0   0   0   0   0   0   0
    0   0   0   0   0   0   0   0   0   0]
 [  0   0   0   0   0   0   0   0   0   0   0   0   0   0   0   0   0   0
    0   0   0   0   0   0   0   0   0   0]
 [  0   0   0   0   0   0   0   0   0   0   0   0   0   0   0   0   0   0
    0   0   0   0   0   0   0   0   0   0]
 [  0   0   0   0   0   0   0   0   0   0   0   0   0   0   0   0   0   0
    0   0   0   0   0   0   0   0   0   0]
 [  0   0   0   0   0  11  55  61  45  11   8   8   8   8   8   8   8   8
    8   8  14   1   0   0   0   0   0   0]
 [  0   0   0   0   0  37 191 195 218 209 202 202 202 202 202 202 202 202
  202 202 218 132   0   0   0   0   0   0]
 [  0   0   0   0   0   0   0   0  17  39  34  34  34  34  34  34  34  34
   34  34 173 169   0   0   0   0   0   0]
 [  0   0   0   0   0   0   0   0   0   0   0   0   0   0   0   0   0   0
    0   0 197 156   0   0   0   0   0   0]
 [  0   0   0   0   0   0   0   0   0   0   0   0   0   0   0   0   0   0
    0  66 255  86   0   0   0   0   0   0]
 [  0   0   0   0   0   0   0   0   0   0   0   0   0   0   0   0   0   0
   26 234 175   9   0   0   0   0   0   0]
 [  0   0   0   0   0   0   0   0   0   0   0   0   0   0   0   0   0   0
  174 206  10   0   0   0   0   0   0   0]
 [  0   0   0   0   0   0   0   0   0   0   0   0   0   0   0   0   0 115
  255  61   0   0   0   0   0   0   0   0]
 [  0   0   0   0   0   0   0   0   0   0   0   0   0   0   0   0  68 255
  109   0   0   0   0   0   0   0   0   0]
 [  0   0   0   0   0   0   0   0   0   0   0   0   0   0   0  42 229 147
    0   0   0   0   0   0   0   0   0   0]
 [  0   0   0   0   0   0   0   0   0   0   0   0   0   0  10 196 196   3
    0   0   0   0   0   0   0   0   0   0]
 [  0   0   0   0   0   0   0   0   0   0   0   0   0   3 171 227  36   0
    0   0   0   0   0   0   0   0   0   0]
 [  0   0   0   0   0   0   0   0   0   0   0   0   0 144 234  45   0   0
    0   0   0   0   0   0   0   0   0   0]
 [  0   0   0   0   0   0   0   0   0   0   0   0  77 247  57   0   0   0
    0   0   0   0   0   0   0   0   0   0]
 [  0   0   0   0   0   0   0   0   0   0   0   7 214 127   0   0   0   0
    0   0   0   0   0   0   0   0   0   0]
 [  0   0   0   0   0   0   0   0   0   0   0 116 222  13   0   0   0   0
    0   0   0   0   0   0   0   0   0   0]
 [  0   0   0   0   0   0   0   0   0   0  23 233 105   0   0   0   0   0
    0   0   0   0   0   0   0   0   0   0]
 [  0   0   0   0   0   0   0   0   0   0 108 233  13   0   0   0   0   0
    0   0   0   0   0   0   0   0   0   0]
 [  0   0   0   0   0   0   0   0   0  26 214 157   0   0   0   0   0   0
    0   0   0   0   0   0   0   0   0   0]
 [  0   0   0   0   0   0   0   0   0  80 255  49   0   0   0   0   0   0
    0   0   0   0   0   0   0   0   0   0]
 [  0   0   0   0   0   0   0   0   5 157 238  17   0   0   0   0   0   0
    0   0   0   0   0   0   0   0   0   0]]
[[  0   0   0   0   0   0   0   0   0   0   0   0   0   0   0   0   0   0
    0   0   0   0   0   0   0   0   0   0]
 [  0   0   0   0   0   0   0   0   0   0   5  86  95 102  64  22   0   0
    0   0   0   0   0   0   0   0   0   0]
 [  0   0   0   0   0   0   0   0   0  65 201 238 167 195 224 225 198 140
   34   0   0   0   0   0   0   0   0   0]
 [  0   0   0   0   0   0   0   1 110 237 147  43   0   0  14  48 114 214
  244 110   0   0   0   0   0   0   0   0]
 [  0   0   0   0   0   0   0  92 255  83   0   0   0   0   0   0   0  17
  141 255 116   0   0   0   0   0   0   0]
 [  0   0   0   0   0   0  47 243 138   0   0   0   0   0   0   0   0   0
    0 149 253  61   0   0   0   0   0   0]
 [  0   0   0   0   0   7 210 206  13   0   0   0   0   0   0   0   0   0
    0   9 227 105   0   0   0   0   0   0]
 [  0   0   0   0   0  56 255  89   0   0   0   0   0   0   0   0   0   0
    0   4 225 104   0   0   0   0   0   0]
 [  0   0   0   0   0  89 231  13   0   0   0   0   0   0   0   0   0   0
    0 132 250  43   0   0   0   0   0   0]
 [  0   0   0   0   0  79 246  49   0   0   0   0   0   0   0   0   0  43
  179 241 118   0   0   0   0   0   0   0]
 [  0   0   0   0   0  34 191 238 156  40   0   0   0   0   0  43 146 223
  171  47   0   0   0   0   0   0   0   0]
 [  0   0   0   0   0   0   0  76 177 233 174  96  41  40 129 223 152  56
    0   0   0   0   0   0   0   0   0   0]
 [  0   0   0   0   0   0   0   0   0  66 154 231 252 255 255 214  41   0
    0   0   0   0   0   0   0   0   0   0]
 [  0   0   0   0   0   0   0   0   0  56 209 237 231 133 111 172 243 173
   60   0   0   0   0   0   0   0   0   0]
 [  0   0   0   0   0   0   0   0  72 250 180  42  24   0   0   0  64 167
  235 177  45   0   0   0   0   0   0   0]
 [  0   0   0   0   0   0   0  76 245 181   8   0   0   0   0   0   0   0
   42 175 239 160  34   0   0   0   0   0]
 [  0   0   0   0   0   0  61 242 168  15   0   0   0   0   0   0   0   0
    0   0  59 188 233 104   0   0   0   0]
 [  0   0   0   0   1 105 246 130   5   0   0   0   0   0   0   0   0   0
    0   0   0   0  97 246 116   1   0   0]
 [  0   0   0   0  57 255 129   0   0   0   0   0   0   0   0   0   0   0
    0   0   0   0   0 153 210   3   0   0]
 [  0   0   0   0  71 237  18   0   0   0   0   0   0   0   0   0   0   0
    0   0   0   0   0 114 195   0   0   0]
 [  0   0   0   0  62 227  10   0   0   0   0   0   0   0   0   0   0   0
    0   0   0   0   0 145 206   1   0   0]
 [  0   0   0   0  67 245  40   0   0   0   0   0   0   0   0   0   0   0
    0   0   0   0  89 249 131   0   0   0]
 [  0   0   0   0  34 245 175   1   0   0   0   0   0   0   0   0   0   0
    0   0  16 140 249 160  11   0   0   0]
 [  0   0   0   0   0  96 255 132  10   0   0   0   0   0   0   0   0   0
   15 117 225 194  68   0   0   0   0   0]
 [  0   0   0   0   0   0 117 253 219 159  93  34   3   0   0   6  30 108
  218 221 124   7   0   0   0   0   0   0]
 [  0   0   0   0   0   0   0  49  88 171 230 238 202 195 195 209 229 214
  110  14   0   0   0   0   0   0   0   0]
 [  0   0   0   0   0   0   0   0   0   0  16  50  53  49  49  54  38   6
    0   0   0   0   0   0   0   0   0   0]
 [  0   0   0   0   0   0   0   0   0   0   0   0   0   0   0   0   0   0
    0   0   0   0   0   0   0   0   0   0]]
[[  0   0   0   0   0   0   0   0   0   0   0   0   0   0   0   0   0   0
    0   0   0   0   0   0   0   0   0   0]
 [  0   0   0   0   0   0   0   0   0   0   0   0   0   0   0   0   0   0
    0   0   0   0   0   0   0   0   0   0]
 [  0   0   0   0   0   0   0   0   0   0  10  24  48  44  52  44  10   0
    0   0   0   0   0   0   0   0   0   0]
 [  0   0   0   0   0   0   0   0  41 163 223 231 222 197 214 244 225  65
    0   0   0   0   0   0   0   0   0   0]
 [  0   0   0   0   0   0   4 115 238 192  94  54  19   3  11  50 141 238
   95   1   0   0   0   0   0   0   0   0]
 [  0   0   0   0   0   0 106 255 107   0   0   0   0   0   0   0   0 122
  251  28   0   0   0   0   0   0   0   0]
 [  0   0   0   0   0   0 131 197   0   0   0   0   0   0   0   0   0  31
  244 101   0   0   0   0   0   0   0   0]
 [  0   0   0   0   0   0 127 185   0   0   0   0   0   0   0   0   0   0
  208 104   0   0   0   0   0   0   0   0]
 [  0   0   0   0   0   0 141 208   6   0   0   0   0   0   0   0   0   0
  207 100   0   0   0   0   0   0   0   0]
 [  0   0   0   0   0   0  88 232  55   0   0   0   0   0   0   0   0   2
  218 109   0   0   0   0   0   0   0   0]
 [  0   0   0   0   0   0   0  24   3   0   0   0   0   0   0   0   0  64
  251  89   0   0   0   0   0   0   0   0]
 [  0   0   0   0   0   0   0   0   0   0   0   0   0   0   0   0   0 103
  243  21   0   0   0   0   0   0   0   0]
 [  0   0   0   0   0   0   0   0   0   0   0   0   0   0   0   0   8 222
  189   4   0   0   0   0   0   0   0   0]
 [  0   0   0   0   0   0   0   0   0   0   0   0   0   0   0   7 173 228
   44   0   0   0   0   0   0   0   0   0]
 [  0   0   0   0   0   0   0   0   0   0   0   0   0   0   0 158 235  52
    0   0   0   0   0   0   0   0   0   0]
 [  0   0   0   0   0   0   0   0   0   0   0   0   0  24 159 251  73   0
    0   0   0   0   0   0   0   0   0   0]
 [  0   0   0   0   0   0   0   0   0   0   0   0  91 227 214  69   0   0
    0   0   0   0   0   0   0   0   0   0]
 [  0   0   0   0   0   0   0   0   0   4  62 171 230 119  16  24  51  83
   81  80  80  80  80  80  80  53   0   0]
 [  0   0   0   0   0   0   0   7 104 208 247 220 165 173 210 237 221 195
  175 175 175 175 175 175 175 116   0   0]
 [  0   0   0   0   0   0  63 203 255 255 252 231 196 140  94  55  16   0
    0   0   0   0   0   0   0   0   0   0]
 [  0   0   0   0   0   0 102 182 149  96  53  25   0   0   0   0   0   0
    0   0   0   0   0   0   0   0   0   0]
 [  0   0   0   0   0   0   0   0   0   0   0   0   0   0   0   0   0   0
    0   0   0   0   0   0   0   0   0   0]
 [  0   0   0   0   0   0   0   0   0   0   0   0   0   0   0   0   0   0
    0   0   0   0   0   0   0   0   0   0]
 [  0   0   0   0   0   0   0   0   0   0   0   0   0   0   0   0   0   0
    0   0   0   0   0   0   0   0   0   0]
 [  0   0   0   0   0   0   0   0   0   0   0   0   0   0   0   0   0   0
    0   0   0   0   0   0   0   0   0   0]
 [  0   0   0   0   0   0   0   0   0   0   0   0   0   0   0   0   0   0
    0   0   0   0   0   0   0   0   0   0]
 [  0   0   0   0   0   0   0   0   0   0   0   0   0   0   0   0   0   0
    0   0   0   0   0   0   0   0   0   0]
 [  0   0   0   0   0   0   0   0   0   0   0   0   0   0   0   0   0   0
    0   0   0   0   0   0   0   0   0   0]]
[[  0   0   0   0   0   0   0   0   0   0   0   0   0   0   0   0   0   0
    0   0   0   0   0   0   0   0   0   0]
 [  0   0   0   0   0   0   0   0   0   0   0   0   0   0   0   0   0   0
    0   0   0   0   0   0   0   0   0   0]
 [  0   0   0   0   0   0   0   0   0   0   0   0   0   0   0   0   0   0
    0   0   0   0   0   0   0   0   0   0]
 [  0   0   0   0   0   0   0   0   0   0   0   0   0   0   0   0   0   0
    0   0   0   0   0   0   0   0   0   0]
 [  0   0   0   0   0   0   0   0   0   0   0   0   0   0   0   0   0   0
    0   0   0   0   0   0   0   0   0   0]
 [  0   0   0   0   0   0   0   0   0   0   0   0   0   0   0   0   0   0
    0   0   0   0   0   0   0   0   0   0]
 [  0   0   0   0   0   0   0   0   0   0   0   0   0   0   0   0   0   0
    0   0   0   0   0   0   0   0   0   0]
 [  0   0   0   0   0   0   0   5  25  45  61  55  55  78 139 182 169 166
  157  27   0   0   0   0   0   0   0   0]
 [  0   0   0   0   0   0  90 209 231 231 204 191 191 206 193 152  92 107
  252  50   0   0   0   0   0   0   0   0]
 [  0   0   0   0   0   0  24  57  48  30   4   0   0   1   0   0   0  63
  252  42   0   0   0   0   0   0   0   0]
 [  0   0   0   0   0   0   0   0   0   0   0   0   0   0   0   0   0 164
  204   4   0   0   0   0   0   0   0   0]
 [  0   0   0   0   0   0   0   0   0   0   0   0   0   0   0   0  12 227
  149   0   0   0   0   0   0   0   0   0]
 [  0   0   0   0   0   0   0   0   0   0   0   0   0   0   0   0  58 253
   63   0   0   0   0   0   0   0   0   0]
 [  0   0   0   0   0   0   0   0   0   0   0   0   0   0   0   0  88 234
   13   0   0   0   0   0   0   0   0   0]
 [  0   0   0   0   0   0   0   0   0   0   0   0   0   0   0   0  91 222
    5   0   0   0   0   0   0   0   0   0]
 [  0   0   0   0   0   0   0   0   0   0   0   0   0   0   0   2 180 214
    9   0   0   0   0   0   0   0   0   0]
 [  0   0   0   0   0   0   0   0   0   0   0   0   0   0   0   2 213 114
    0   0   0   0   0   0   0   0   0   0]
 [  0   0   0   0   0   0   0   0   0   0   0   0   0   0   0   0 206 109
    0   0   0   0   0   0   0   0   0   0]
 [  0   0   0   0   0   0   0   0   0   0   0   0   0   0   0  69 246  95
    0   0   0   0   0   0   0   0   0   0]
 [  0   0   0   0   0   0   0   0   0   0   0   0   0   0   0 158 216   3
    0   0   0   0   0   0   0   0   0   0]
 [  0   0   0   0   0   0   0   0   0   0   0   0   0   0  11 228 157   0
    0   0   0   0   0   0   0   0   0   0]
 [  0   0   0   0   0   0   0   0   0   0   0   0   0   0  79 255  64   0
    0   0   0   0   0   0   0   0   0   0]
 [  0   0   0   0   0   0   0   0   0   0   0   0   0   2 194 209   5   0
    0   0   0   0   0   0   0   0   0   0]
 [  0   0   0   0   0   0   0   0   0   0   0   0   0 130 248  64   0   0
    0   0   0   0   0   0   0   0   0   0]
 [  0   0   0   0   0   0   0   0   0   0   0   0  77 255  99   0   0   0
    0   0   0   0   0   0   0   0   0   0]
 [  0   0   0   0   0   0   0   0   0   0   0   0 184 206   4   0   0   0
    0   0   0   0   0   0   0   0   0   0]
 [  0   0   0   0   0   0   0   0   0   0   0   0  42  31   0   0   0   0
    0   0   0   0   0   0   0   0   0   0]
 [  0   0   0   0   0   0   0   0   0   0   0   0   0   0   0   0   0   0
    0   0   0   0   0   0   0   0   0   0]]
[[  0   0   0   0   0   0   0   0   0   0   0   0   0   0   0   0   0   0
    0   0   0   0   0   0   0   0   0   0]
 [  0   0   0   0   0   0   0   0   0   0   0   0   0   0   0   0   0   0
    0   0   0   0   0   0   0   0   0   0]
 [  0   0   0   0   0   0   0   0   0   0   0   0   0   0   0   0   0   0
    0   0   0   0   0   0   0   0   0   0]
 [  0   0   0   0   0   0   0   0   0   0   0   0   0   0   0   0   0   0
    0   0   0   0   0   0   0   0   0   0]
 [  0   0   0   0   0   0   0   0   0   0   0   0   0   0   0   0   0   0
    0   0   0   0   0   0   0   0   0   0]
 [  0   0   0   0   0   0   0   0   0  36  30  29  38   7   0   0   0   0
    0   0   0   0   0   0   0   0   0   0]
 [  0   0   0   0   0   0   0   9 150 243 206 203 236 192  20   0   0   0
    0   0   0   0   0   0   0   0   0   0]
 [  0   0   0   0   0   0  14 182 225  76  14  12  52 228 199  30   0   0
    0   0   0   0   0   0   0   0   0   0]
 [  0   0   0   0   0   1 140 255  48   0   0   0   0  49 241 143   0   0
    0   0   0   0   0   0   0   0   0   0]
 [  0   0   0   0   0  23 246 141   0   0   0   0   0   0 182 192   1   0
    0   0   0   0   0   0   0   0   0   0]
 [  0   0   0   0   0  36 248  46   0   0   0   0   0  23 234 141   0   0
    0   0   0   0   0   0   0   0   0   0]
 [  0   0   0   0   0  14 199 199  17   0   2   8  49 191 250  47   0   0
    0   0   0   0   0   0   0   0   0   0]
 [  0   0   0   0   0   0  25 197 204 131 203 219 249 183  65   0   0   0
    0   0   0   0   0   0   0   0   0   0]
 [  0   0   0   0   0   0   2 120 255 255 255 215  68   0   0   0   0   0
    0   0   0   0   0   0   0   0   0   0]
 [  0   0   0   0   0  53 200 239 128 121 195 232 137  18   0   0   0   0
    0   0   0   0   0   0   0   0   0   0]
 [  0   0   0   0  27 232 216  39   0   0   3  85 210 228  56   0   0   0
    0   0   0   0   0   0   0   0   0   0]
 [  0   0   0  10 188 227  34   0   0   0   0   0  16 148 233  76   0   0
    0   0   0   0   0   0   0   0   0   0]
 [  0   0   4 148 246  59   0   0   0   0   0   0   0   0 139 248  54   0
    0   0   0   0   0   0   0   0   0   0]
 [  0   0  57 255  82   0   0   0   0   0   0   0   0   0  13 220 152   0
    0   0   0   0   0   0   0   0   0   0]
 [  0   0 125 231  15   0   0   0   0   0   0   0   0   0   0 175 165   0
    0   0   0   0   0   0   0   0   0   0]
 [  0   0 125 240  27   0   0   0   0   0   0   0   0   0  68 246 150   0
    0   0   0   0   0   0   0   0   0   0]
 [  0   0  44 214 220 190 140  80  38  11   0   8  41 129 246 172  19   0
    0   0   0   0   0   0   0   0   0   0]
 [  0   0   0  13  57  97 161 188 219 217 194 218 231 207 104   7   0   0
    0   0   0   0   0   0   0   0   0   0]
 [  0   0   0   0   0   0   0   0  22  52  78  83  32   2   0   0   0   0
    0   0   0   0   0   0   0   0   0   0]
 [  0   0   0   0   0   0   0   0   0   0   0   0   0   0   0   0   0   0
    0   0   0   0   0   0   0   0   0   0]
 [  0   0   0   0   0   0   0   0   0   0   0   0   0   0   0   0   0   0
    0   0   0   0   0   0   0   0   0   0]
 [  0   0   0   0   0   0   0   0   0   0   0   0   0   0   0   0   0   0
    0   0   0   0   0   0   0   0   0   0]
 [  0   0   0   0   0   0   0   0   0   0   0   0   0   0   0   0   0   0
    0   0   0   0   0   0   0   0   0   0]]
[[  0   0   0   0   0   0   0   0   0   0   0   0   0   0   0   0   0   0
    0   0   0   0   0   0   0   0   0   0]
 [  0   0   0   0   0   0   0   0   0   0   0   0   0   0   0   0   0   0
    0   0   0   0   0   0   0   0   0   0]
 [  0   0   0   0   0   0   0   0   0   0   0   0   0   0   0   0   0   0
    0   0   0   0   0   0   0   0   0   0]
 [  0   0   0   0   0   0   0   0   0   0   0   0   0   0   0   0   0   0
    0   0   0   0   0   0   0   0   0   0]
 [  0   0   0   0   0   0   0   0   0   0   0   0   0   0   0   0   0   0
    0   0   0   0   0   0   0   0   0   0]
 [  0   0   0   0   0   0   0   0   0   0   0   0   0   0   0   0   0   0
    0   0   0   0   0   0   0   0   0   0]
 [  0   0   0  31 185 196 188 188 188 188 188 188 188 188 188 188 188 188
  188 188 199 101   0   0   0   0   0   0]
 [  0   0   0  15  88  69  61  61  61  61  61  61  61  61  61  61  61  61
   61  61 208 134   0   0   0   0   0   0]
 [  0   0   0   0   0   0   0   0   0   0   0   0   0   0   0   0   0   0
    0   0 189 133   0   0   0   0   0   0]
 [  0   0   0   0   0   0   0   0   0   0   0   0   0   0   0   0   0   0
    0  24 238 120   0   0   0   0   0   0]
 [  0   0   0   0   0   0   0   0   0   0   0   0   0   0   0   0   0   0
    0 113 255  42   0   0   0   0   0   0]
 [  0   0   0   0   0   0   0   0   0   0   0   0   0   0   0   0   0   0
   47 250 134   1   0   0   0   0   0   0]
 [  0   0   0   0   0   0   0   0   0   0   0   0   0   0   0   0   0   9
  193 216  13   0   0   0   0   0   0   0]
 [  0   0   0   0   0   0   0   0   0   0   0   0   0   0   0   0   0 155
  255  51   0   0   0   0   0   0   0   0]
 [  0   0   0   0   0   0   0   0   0   0   0   0   0   0   0   0  84 255
   98   0   0   0   0   0   0   0   0   0]
 [  0   0   0   0   0   0   0   0   0   0   0   0   0   0   0  33 236 170
    0   0   0   0   0   0   0   0   0   0]
 [  0   0   0   0   0   0   0   0   0   0   0   0   0   0  15 184 222  16
    0   0   0   0   0   0   0   0   0   0]
 [  0   0   0   0   0   0   0   0   0   0   0   0   0   0 154 241  48   0
    0   0   0   0   0   0   0   0   0   0]
 [  0   0   0   0   0   0   0   0   0   0   0   0   0  36 248  96   0   0
    0   0   0   0   0   0   0   0   0   0]
 [  0   0   0   0   0   0   0   0   0   0   0   0   0 107 239  14   0   0
    0   0   0   0   0   0   0   0   0   0]
 [  0   0   0   0   0   0   0   0   0   0   0   0   4 200 186   0   0   0
    0   0   0   0   0   0   0   0   0   0]
 [  0   0   0   0   0   0   0   0   0   0   0   0  78 255  94   0   0   0
    0   0   0   0   0   0   0   0   0   0]
 [  0   0   0   0   0   0   0   0   0   0   0   7 198 215  12   0   0   0
    0   0   0   0   0   0   0   0   0   0]
 [  0   0   0   0   0   0   0   0   0   0   0  50 255  75   0   0   0   0
    0   0   0   0   0   0   0   0   0   0]
 [  0   0   0   0   0   0   0   0   0   0   0 134 230  11   0   0   0   0
    0   0   0   0   0   0   0   0   0   0]
 [  0   0   0   0   0   0   0   0   0   0   8 227 157   0   0   0   0   0
    0   0   0   0   0   0   0   0   0   0]
 [  0   0   0   0   0   0   0   0   0   0  14 168  69   0   0   0   0   0
    0   0   0   0   0   0   0   0   0   0]
 [  0   0   0   0   0   0   0   0   0   0   0   0   0   0   0   0   0   0
    0   0   0   0   0   0   0   0   0   0]]
